CircuitBuilder::random(20, 2)

========== 2
52
40
========== 7
55
54
========== 8
56
40
========== 11
59
46
========== 12
48
34
========== 23
61
45
========== 24
57
44
========== 30
69
45
41
========== 46
62
48
========== 47
57
37
========== 48
60
45
========== 50
71
55
========== 57
53
41
========== 64
39
31
========== 66
57
43
========== 68
44
43
========== 76
48
40
========== 81
53
38
31
========== 83
56
42
========== 93
63
46
========== 94
45
33
========== 96
70
49
========== 106
64
51
========== 118
56
44
========== 122
57
40
========== 135
44
36
========== 140
54
39
========== 150
57
46
========== 154
40
32
28
========== 155
46
35
========== 160
44
36
========== 166
58
57
========== 171
53
41
========== 172
70
52
========== 174
60
43
35
========== 175
49
40
========== 176
66
47
========== 177
68
44
========== 178
54
42
========== 184
62
45
========== 187
58
48
========== 190
56
45
========== 192
45
35
========== 197
83
56
========== 198
40
31
27
========== 202
67
44
========== 204
42
38
========== 216
68
58
